1 120.0 4999 6.789
2 120.0 9999 5.83
3 120.0 14999 2.319
4 120.0 19999 9.52
5 120.0 24999 9.86
6 120.0 29999 7.569
7 120.0 34999 5.93
8 120.0 39999 7.397
9 120.0 44999 6.649
10 120.0 49999 10.564
11 120.0 54999 9.56
12 120.0 59999 -0.431
13 120.0 64999 11.367
14 120.0 69999 8.11
15 120.0 74999 9.79
16 120.0 79999 11.09
17 120.0 84999 5.38
18 120.0 89999 3.451
19 120.0 94999 7.299
20 120.0 99999 14.15
21 120.0 104999 10.66
22 120.0 109999 8.23
23 120.0 114999 7.85
24 120.0 119999 6.07
25 120.0 124999 12.86
26 120.0 129999 10.87
27 120.0 134999 10.29
28 120.0 139999 8.92
29 120.0 144999 4.43
30 120.0 149999 4.289
31 120.0 154999 8.93
32 120.0 159999 3.559
33 120.0 164999 5.069
34 120.0 169999 8.62
35 120.0 174999 11.12
36 120.0 179999 5.83
37 120.0 184999 7.399
38 120.0 189999 19.51
39 120.0 194999 7.75
40 120.0 199999 2.767
41 120.0 204999 5.66
42 120.0 209999 3.859
43 120.0 214999 5.37
44 120.0 219999 9.07
45 120.0 224999 9.54
46 120.0 229999 2.769
47 120.0 234999 11.44
48 120.0 239999 9.61
49 120.0 244999 3.43
50 120.0 249999 5.819
51 120.0 254999 9.839
52 120.0 259999 13.109
53 120.0 264999 5.52
54 120.0 269999 5.64
55 120.0 274999 11.24
56 120.0 279999 11.07
57 120.0 284999 13.13
58 120.0 289999 5.519
59 120.0 294999 9.12
60 120.0 299999 8.815
61 120.0 304999 15.82
62 120.0 309999 2.189
63 120.0 314999 12.23
64 120.0 319999 5.489
65 120.0 324999 9.769
66 120.0 329999 10.02
67 120.0 334999 7.44
68 120.0 339999 7.64
69 120.0 344999 7.02
70 120.0 349999 9.93
71 120.0 354999 6.139
72 120.0 359999 11.97
73 120.0 364999 6.85
74 120.0 369999 9.06
75 120.0 374999 5.61
76 120.0 379999 2.819
77 120.0 384999 10.209
78 120.0 389999 5.3
79 120.0 394999 10.71
80 120.0 399999 8.29
81 120.0 404999 3.271
82 120.0 409999 10.99
83 120.0 414999 14.03
84 120.0 419999 7.059
85 120.0 424999 8.119
86 120.0 429999 7.26
87 120.0 434999 10.23
88 120.0 439999 8.995
89 120.0 444999 4.94
90 120.0 449999 11.1
91 120.0 454999 9.285
92 120.0 459999 8.15
93 120.0 464999 14.3
94 120.0 469999 10.91
95 120.0 474999 13.58
96 120.0 479999 11.19
97 120.0 484999 7.979
98 120.0 489999 8.024
99 120.0 494999 7.15
100 120.0 499999 8.22
101 108.0 4999 8.594
102 108.0 9999 7.99
103 108.0 14999 -0.008
104 108.0 19999 8.74
105 108.0 24999 7.82
106 108.0 29999 7.81
107 108.0 34999 10.92
108 108.0 39999 8.19
109 108.0 44999 6.856
110 108.0 49999 8.74
111 108.0 54999 6.626
112 108.0 59999 6.92
113 108.0 64999 10.782
114 108.0 69999 4.3
115 108.0 74999 7.972
116 108.0 79999 6.9
117 108.0 84999 10.752
118 108.0 89999 5.61
119 108.0 94999 5.3
120 108.0 99999 9.456
121 108.0 104999 5.156
122 108.0 109999 11.63
123 108.0 114999 9.48
124 108.0 119999 8.216
125 108.0 124999 10.14
126 108.0 129999 7.04
127 108.0 134999 7.41
128 108.0 139999 11.32
129 108.0 144999 10.34
130 108.0 149999 5.926
131 108.0 154999 10.18
132 108.0 159999 8.36
133 108.0 164999 8.87
134 108.0 169999 8.976
135 108.0 174999 1.026
136 108.0 179999 11.966
137 108.0 184999 0.69
138 108.0 189999 10.48
139 108.0 194999 -0.289
140 108.0 199999 6.106
141 108.0 204999 6.12
142 108.0 209999 4.496
143 108.0 214999 -0.18
144 108.0 219999 5.826
145 108.0 224999 9.78
146 108.0 229999 10.64
147 108.0 234999 12.93
148 108.0 239999 13.08
149 108.0 244999 6.57
150 108.0 249999 2.131
151 108.0 254999 4.005
152 108.0 259999 2.816
153 108.0 264999 9.44
154 108.0 269999 4.776
155 108.0 274999 7.22
156 108.0 279999 13.0
157 108.0 284999 7.532
158 108.0 289999 10.006
159 108.0 294999 10.186
160 108.0 299999 7.49
161 108.0 304999 7.922
162 108.0 309999 12.53
163 108.0 314999 6.067
164 108.0 319999 6.8
165 108.0 324999 6.97
166 108.0 329999 5.09
167 108.0 334999 11.79
168 108.0 339999 12.07
169 108.0 344999 7.72
170 108.0 349999 10.856
171 108.0 354999 4.88
172 108.0 359999 7.19
173 108.0 364999 1.744
174 108.0 369999 11.143
175 108.0 374999 6.946
176 108.0 379999 7.28
177 108.0 384999 6.418
178 108.0 389999 8.36
179 108.0 394999 3.896
180 108.0 399999 11.13
181 108.0 404999 8.55
182 108.0 409999 10.19
183 108.0 414999 5.95
184 108.0 419999 3.646
185 108.0 424999 7.2
186 108.0 429999 6.12
187 108.0 434999 1.825
188 108.0 439999 8.74
189 108.0 444999 5.2
190 108.0 449999 6.766
191 108.0 454999 5.1
192 108.0 459999 7.082
193 108.0 464999 3.384
194 108.0 469999 5.146
195 108.0 474999 7.926
196 108.0 479999 10.3
197 108.0 484999 8.84
198 108.0 489999 5.146
199 108.0 494999 6.43
200 108.0 499999 8.15
201 97.2 4999 8.37
202 97.2 9999 5.46
203 97.2 14999 7.131
204 97.2 19999 6.863
205 97.2 24999 4.921
206 97.2 29999 9.47
207 97.2 34999 6.901
208 97.2 39999 10.94
209 97.2 44999 7.497
210 97.2 49999 10.06
211 97.2 54999 6.86
212 97.2 59999 3.56
213 97.2 64999 4.58
214 97.2 69999 11.21
215 97.2 74999 3.818
216 97.2 79999 -1.926
217 97.2 84999 7.378
218 97.2 89999 -2.723
219 97.2 94999 8.921
220 97.2 99999 4.7
221 97.2 104999 -8.13
222 97.2 109999 6.62
223 97.2 114999 1.95
224 97.2 119999 3.702
225 97.2 124999 8.434
226 97.2 129999 8.33
227 97.2 134999 3.651
228 97.2 139999 12.91
229 97.2 144999 1.21
230 97.2 149999 5.188
231 97.2 154999 9.11
232 97.2 159999 4.523
233 97.2 164999 10.32
234 97.2 169999 5.688
235 97.2 174999 0.691
236 97.2 179999 2.278
237 97.2 184999 8.18
238 97.2 189999 7.708
239 97.2 194999 5.653
240 97.2 199999 -0.003
241 97.2 204999 2.361
242 97.2 209999 7.413
243 97.2 214999 -2.739
244 97.2 219999 -1.09
245 97.2 224999 8.708
246 97.2 229999 1.845
247 97.2 234999 -1.324
248 97.2 239999 3.948
249 97.2 244999 4.01
250 97.2 249999 5.957
251 97.2 254999 8.148
252 97.2 259999 0.781
253 97.2 264999 6.82
254 97.2 269999 4.898
255 97.2 274999 -3.709
256 97.2 279999 11.24
257 97.2 284999 -0.438
258 97.2 289999 -1.676
259 97.2 294999 2.292
260 97.2 299999 11.67
261 97.2 304999 3.521
262 97.2 309999 -9.503
263 97.2 314999 9.687
264 97.2 319999 10.868
265 97.2 324999 5.74
266 97.2 329999 6.9
267 97.2 334999 5.4
268 97.2 339999 5.797
269 97.2 344999 7.66
270 97.2 349999 6.798
271 97.2 354999 7.583
272 97.2 359999 10.05
273 97.2 364999 4.55
274 97.2 369999 3.946
275 97.2 374999 14.66
276 97.2 379999 3.166
277 97.2 384999 6.103
278 97.2 389999 12.5
279 97.2 394999 4.03
280 97.2 399999 4.796
281 97.2 404999 1.248
282 97.2 409999 1.563
283 97.2 414999 9.08
284 97.2 419999 9.72
285 97.2 424999 6.01
286 97.2 429999 9.363
287 97.2 434999 7.309
288 97.2 439999 6.188
289 97.2 444999 7.651
290 97.2 449999 5.08
291 97.2 454999 5.237
292 97.2 459999 3.108
293 97.2 464999 -1.737
294 97.2 469999 1.616
295 97.2 474999 3.76
296 97.2 479999 -0.657
297 97.2 484999 9.568
298 97.2 489999 8.65
299 97.2 494999 6.62
300 97.2 499999 1.491
301 87.5 4999 9.113
302 87.5 9999 7.254
303 87.5 14999 -0.284
304 87.5 19999 5.668
305 87.5 24999 3.143
306 87.5 29999 8.943
307 87.5 34999 7.92
308 87.5 39999 0.082
309 87.5 44999 3.213
310 87.5 49999 -3.02
311 87.5 54999 0.669
312 87.5 59999 0.263
313 87.5 64999 8.63
314 87.5 69999 3.791
315 87.5 74999 2.764
316 87.5 79999 4.63
317 87.5 84999 -12.847
318 87.5 89999 7.704
319 87.5 94999 0.974
320 87.5 99999 3.726
321 87.5 104999 10.373
322 87.5 109999 7.005
323 87.5 114999 2.703
324 87.5 119999 2.1
325 87.5 124999 7.48
326 87.5 129999 7.5
327 87.5 134999 6.8
328 87.5 139999 13.545
329 87.5 144999 -1.406
330 87.5 149999 7.156
331 87.5 154999 6.38
332 87.5 159999 8.15
333 87.5 164999 -3.699
334 87.5 169999 3.773
335 87.5 174999 5.97
336 87.5 179999 -0.167
337 87.5 184999 2.187
338 87.5 189999 6.903
339 87.5 194999 8.803
340 87.5 199999 5.091
341 87.5 204999 -4.128
342 87.5 209999 7.663
343 87.5 214999 0.009
344 87.5 219999 8.7
345 87.5 224999 5.143
346 87.5 229999 8.46
347 87.5 234999 3.346
348 87.5 239999 -13.713
349 87.5 244999 -6.846
350 87.5 249999 -0.85
351 87.5 254999 3.29
352 87.5 259999 0.154
353 87.5 264999 -2.344
354 87.5 269999 0.166
355 87.5 274999 3.751
356 87.5 279999 1.254
357 87.5 284999 3.156
358 87.5 289999 -13.796
359 87.5 294999 -4.721
360 87.5 299999 -5.351
361 87.5 304999 0.851
362 87.5 309999 -3.491
363 87.5 314999 4.381
364 87.5 319999 4.38
365 87.5 324999 1.926
366 87.5 329999 -3.379
367 87.5 334999 4.903
368 87.5 339999 -5.003
369 87.5 344999 5.656
370 87.5 349999 -2.905
371 87.5 354999 -7.651
372 87.5 359999 -13.788
373 87.5 364999 2.337
374 87.5 369999 8.85
375 87.5 374999 0.456
376 87.5 379999 12.98
377 87.5 384999 5.045
378 87.5 389999 -4.374
379 87.5 394999 1.247
380 87.5 399999 -9.443
381 87.5 404999 11.113
382 87.5 409999 -3.164
383 87.5 414999 7.284
384 87.5 419999 -8.861
385 87.5 424999 -8.94
386 87.5 429999 -6.846
387 87.5 434999 -6.189
388 87.5 439999 -0.274
389 87.5 444999 7.92
390 87.5 449999 3.326
391 87.5 454999 0.941
392 87.5 459999 -9.294
393 87.5 464999 0.143
394 87.5 469999 -0.635
395 87.5 474999 -2.445
396 87.5 479999 0.726
397 87.5 484999 1.913
398 87.5 489999 1.841
399 87.5 494999 -1.151
400 87.5 499999 4.373
401 78.7 4999 5.787
402 78.7 9999 -17.612
403 78.7 14999 -28.965
404 78.7 19999 -11.419
405 78.7 24999 -1.748
406 78.7 29999 -0.658
407 78.7 34999 -5.426
408 78.7 39999 4.468
409 78.7 44999 -4.5
410 78.7 49999 -8.577
411 78.7 54999 5.108
412 78.7 59999 -7.651
413 78.7 64999 4.212
414 78.7 69999 -6.091
415 78.7 74999 -21.295
416 78.7 79999 -12.755
417 78.7 84999 -26.075
418 78.7 89999 -39.361
419 78.7 94999 -24.301
420 78.7 99999 -20.844
421 78.7 104999 -6.43
422 78.7 109999 -14.469
423 78.7 114999 -11.932
424 78.7 119999 -16.281
425 78.7 124999 -7.678
426 78.7 129999 -19.733
427 78.7 134999 -7.316
428 78.7 139999 -25.072
429 78.7 144999 -29.919
430 78.7 149999 -28.271
431 78.7 154999 -36.841
432 78.7 159999 -31.818
433 78.7 164999 -28.074
434 78.7 169999 -20.972
435 78.7 174999 -14.46
436 78.7 179999 -6.426
437 78.7 184999 -7.72
438 78.7 189999 -3.39
439 78.7 194999 -6.642
440 78.7 199999 -5.906
441 78.7 204999 -10.536
442 78.7 209999 -25.225
443 78.7 214999 -12.183
444 78.7 219999 -19.519
445 78.7 224999 -7.883
446 78.7 229999 -28.956
447 78.7 234999 -31.864
448 78.7 239999 -12.16
449 78.7 244999 -29.966
450 78.7 249999 -29.827
451 78.7 254999 -32.367
452 78.7 259999 -31.34
453 78.7 264999 -22.604
454 78.7 269999 -28.157
455 78.7 274999 -34.209
456 78.7 279999 -33.578
457 78.7 284999 -36.005
458 78.7 289999 -28.549
459 78.7 294999 -18.447
460 78.7 299999 -31.729
461 78.7 304999 -29.052
462 78.7 309999 -11.449
463 78.7 314999 -19.659
464 78.7 319999 -27.777
465 78.7 324999 -10.292
466 78.7 329999 -2.594
467 78.7 334999 -15.911
468 78.7 339999 -34.321
469 78.7 344999 -31.709
470 78.7 349999 -24.29
471 78.7 354999 -9.422
472 78.7 359999 -27.514
473 78.7 364999 -17.674
474 78.7 369999 -23.919
475 78.7 374999 -22.478
476 78.7 379999 5.374
477 78.7 384999 -2.62
478 78.7 389999 -14.099
479 78.7 394999 -17.966
480 78.7 399999 -16.24
481 78.7 404999 -34.194
482 78.7 409999 -27.54
483 78.7 414999 -16.632
484 78.7 419999 -23.073
485 78.7 424999 -29.836
486 78.7 429999 -31.778
487 78.7 434999 -16.435
488 78.7 439999 -25.906
489 78.7 444999 -29.741
490 78.7 449999 -16.588
491 78.7 454999 -30.569
492 78.7 459999 -10.515
493 78.7 464999 -11.405
494 78.7 469999 3.08
495 78.7 474999 0.568
496 78.7 479999 -7.104
497 78.7 484999 -5.649
498 78.7 489999 -15.551
499 78.7 494999 -10.041
500 78.7 499999 -21.723
501 70.8 4999 -31.607
502 70.8 9999 -25.956
503 70.8 14999 -42.202
504 70.8 19999 -35.554
505 70.8 24999 -38.613
506 70.8 29999 -23.99
507 70.8 34999 -38.062
508 70.8 39999 -24.956
509 70.8 44999 -40.233
510 70.8 49999 -40.274
511 70.8 54999 -39.682
512 70.8 59999 -37.834
513 70.8 64999 -38.794
514 70.8 69999 -28.352
515 70.8 74999 -33.742
516 70.8 79999 -33.322
517 70.8 84999 -33.985
518 70.8 89999 -33.485
519 70.8 94999 -32.084
520 70.8 99999 -36.754
521 70.8 104999 -37.386
522 70.8 109999 -27.178
523 70.8 114999 -34.554
524 70.8 119999 -33.226
525 70.8 124999 -16.161
526 70.8 129999 -14.526
527 70.8 134999 -25.224
528 70.8 139999 -20.751
529 70.8 144999 -26.789
530 70.8 149999 -30.903
531 70.8 154999 -37.809
532 70.8 159999 -35.644
533 70.8 164999 -43.102
534 70.8 169999 -41.028
535 70.8 174999 -38.613
536 70.8 179999 -27.528
537 70.8 184999 -31.213
538 70.8 189999 -31.298
539 70.8 194999 -38.654
540 70.8 199999 -13.547
541 70.8 204999 -22.006
542 70.8 209999 -22.178
543 70.8 214999 -18.28
544 70.8 219999 -6.773
545 70.8 224999 -11.004
546 70.8 229999 -4.251
547 70.8 234999 -7.04
548 70.8 239999 -35.23
549 70.8 244999 -40.384
550 70.8 249999 -36.934
551 70.8 254999 -41.133
552 70.8 259999 -34.896
553 70.8 264999 -42.202
554 70.8 269999 -33.182
555 70.8 274999 -32.802
556 70.8 279999 -27.316
557 70.8 284999 -39.682
558 70.8 289999 -31.686
559 70.8 294999 -39.682
560 70.8 299999 -39.374
561 70.8 304999 -32.441
562 70.8 309999 -36.662
563 70.8 314999 -31.955
564 70.8 319999 -19.748
565 70.8 324999 -32.416
566 70.8 329999 -27.753
567 70.8 334999 -31.478
568 70.8 339999 -16.831
569 70.8 344999 -21.836
570 70.8 349999 -27.019
571 70.8 354999 -21.956
572 70.8 359999 -33.946
573 70.8 364999 -32.158
574 70.8 369999 -28.889
575 70.8 374999 -32.567
576 70.8 379999 -29.609
577 70.8 384999 -29.444
578 70.8 389999 -25.398
579 70.8 394999 -31.03
580 70.8 399999 -28.677
581 70.8 404999 -20.995
582 70.8 409999 -25.096
583 70.8 414999 -15.728
584 70.8 419999 -24.34
585 70.8 424999 -30.242
586 70.8 429999 -34.49
587 70.8 434999 -32.315
588 70.8 439999 -35.12
589 70.8 444999 -34.722
590 70.8 449999 -27.663
591 70.8 454999 -37.159
592 70.8 459999 -39.799
593 70.8 464999 -37.174
594 70.8 469999 -32.671
595 70.8 474999 -16.701
596 70.8 479999 -35.094
597 70.8 484999 -43.102
598 70.8 489999 -28.395
599 70.8 494999 -24.262
600 70.8 499999 -16.753
601 63.8 4999 -17.732
602 63.8 9999 -17.61
603 63.8 14999 -15.3
604 63.8 19999 -19.362
605 63.8 24999 -22.099
606 63.8 29999 -41.983
607 63.8 34999 -43.524
608 63.8 39999 -41.698
609 63.8 44999 -39.483
610 63.8 49999 -41.377
611 63.8 54999 -43.047
612 63.8 59999 -38.23
613 63.8 64999 -43.205
614 63.8 69999 -42.307
615 63.8 74999 -37.508
616 63.8 79999 -39.143
617 63.8 84999 -42.997
618 63.8 89999 -43.315
619 63.8 94999 -39.724
620 63.8 99999 -46.417
621 63.8 104999 -33.692
622 63.8 109999 -24.11
623 63.8 114999 -45.517
624 63.8 119999 -38.385
625 63.8 124999 -38.185
626 63.8 129999 -30.937
627 63.8 134999 -34.083
628 63.8 139999 -38.172
629 63.8 144999 -38.794
630 63.8 149999 -41.155
631 63.8 154999 -44.897
632 63.8 159999 -35.549
633 63.8 164999 -43.897
634 63.8 169999 -43.897
635 63.8 174999 -42.997
636 63.8 179999 -34.406
637 63.8 184999 -41.467
638 63.8 189999 -30.876
639 63.8 194999 -31.284
640 63.8 199999 -40.548
641 63.8 204999 -42.623
642 63.8 209999 -37.25
643 63.8 214999 -39.963
644 63.8 219999 -32.353
645 63.8 224999 -46.091
646 63.8 229999 -37.93
647 63.8 234999 -43.547
648 63.8 239999 -33.468
649 63.8 244999 -38.793
650 63.8 249999 -28.521
651 63.8 254999 -38.826
652 63.8 259999 -41.414
653 63.8 264999 -43.524
654 63.8 269999 -38.956
655 63.8 274999 -40.551
656 63.8 279999 -43.624
657 63.8 284999 -43.897
658 63.8 289999 -43.997
659 63.8 294999 -36.783
660 63.8 299999 -29.25
661 63.8 304999 -39.239
662 63.8 309999 -38.828
663 63.8 314999 -43.897
664 63.8 319999 -42.19
665 63.8 324999 -43.315
666 63.8 329999 -33.662
667 63.8 334999 -42.407
668 63.8 339999 -43.097
669 63.8 344999 -34.615
670 63.8 349999 -29.233
671 63.8 354999 -23.223
672 63.8 359999 -36.918
673 63.8 364999 -36.553
674 63.8 369999 -38.298
675 63.8 374999 -32.709
676 63.8 379999 -35.838
677 63.8 384999 -38.519
678 63.8 389999 -39.894
679 63.8 394999 -41.763
680 63.8 399999 -41.695
681 63.8 404999 -42.943
682 63.8 409999 -40.283
683 63.8 414999 -34.486
684 63.8 419999 -34.487
685 63.8 424999 -43.377
686 63.8 429999 -41.377
687 63.8 434999 -46.044
688 63.8 439999 -43.997
689 63.8 444999 -39.064
690 63.8 449999 -43.097
691 63.8 454999 -40.383
692 63.8 459999 -38.185
693 63.8 464999 -43.524
694 63.8 469999 -39.663
695 63.8 474999 -42.997
696 63.8 479999 -39.701
697 63.8 484999 -39.915
698 63.8 489999 -43.997
699 63.8 494999 -45.517
700 63.8 499999 -35.664
701 57.4 4999 -41.988
702 57.4 9999 -43.054
703 57.4 14999 -40.988
704 57.4 19999 -45.821
705 57.4 24999 -49.241
706 57.4 29999 -49.448
707 57.4 34999 -38.328
708 57.4 39999 -38.409
709 57.4 44999 -38.152
710 57.4 49999 -41.805
711 57.4 54999 -42.214
712 57.4 59999 -34.845
713 57.4 64999 -45.408
714 57.4 69999 -44.914
715 57.4 74999 -47.928
716 57.4 79999 -46.128
717 57.4 84999 -48.94
718 57.4 89999 -44.478
719 57.4 94999 -42.985
720 57.4 99999 -44.611
721 57.4 104999 -45.408
722 57.4 109999 -47.028
723 57.4 114999 -39.822
724 57.4 119999 -46.028
725 57.4 124999 -48.548
726 57.4 129999 -43.311
727 57.4 134999 -49.241
728 57.4 139999 -48.548
729 57.4 144999 -47.034
730 57.4 149999 -42.725
731 57.4 154999 -48.548
732 57.4 159999 -44.508
733 57.4 164999 -45.408
734 57.4 169999 -47.711
735 57.4 174999 -38.288
736 57.4 179999 -45.405
737 57.4 184999 -48.548
738 57.4 189999 -31.654
739 57.4 194999 -48.548
740 57.4 199999 -45.128
741 57.4 204999 -46.42
742 57.4 209999 -43.125
743 57.4 214999 -43.505
744 57.4 219999 -43.705
745 57.4 224999 -43.427
746 57.4 229999 -41.171
747 57.4 234999 -43.461
748 57.4 239999 -49.84
749 57.4 244999 -43.614
750 57.4 249999 -43.425
751 57.4 254999 -40.037
752 57.4 259999 -42.005
753 57.4 264999 -49.448
754 57.4 269999 -46.958
755 57.4 274999 -46.111
756 57.4 279999 -45.444
757 57.4 284999 -44.825
758 57.4 289999 -43.935
759 57.4 294999 -44.414
760 57.4 299999 -47.928
761 57.4 304999 -43.695
762 57.4 309999 -38.552
763 57.4 314999 -40.985
764 57.4 319999 -46.928
765 57.4 324999 -46.028
766 57.4 329999 -49.241
767 57.4 334999 -46.028
768 57.4 339999 -40.479
769 57.4 344999 -41.865
770 57.4 349999 -44.148
771 57.4 354999 -38.572
772 57.4 359999 -44.415
773 57.4 364999 -33.434
774 57.4 369999 -42.795
775 57.4 374999 -38.782
776 57.4 379999 -34.546
777 57.4 384999 -42.001
778 57.4 389999 -39.918
779 57.4 394999 -42.848
780 57.4 399999 -44.201
781 57.4 404999 -47.028
782 57.4 409999 -47.028
783 57.4 414999 -44.698
784 57.4 419999 -46.928
785 57.4 424999 -44.803
786 57.4 429999 -40.238
787 57.4 434999 -48.341
788 57.4 439999 -46.028
789 57.4 444999 -44.648
790 57.4 449999 -44.408
791 57.4 454999 -45.128
792 57.4 459999 -33.517
793 57.4 464999 -37.069
794 57.4 469999 -38.908
795 57.4 474999 -41.101
796 57.4 479999 -45.341
797 57.4 484999 -45.698
798 57.4 489999 -46.058
799 57.4 494999 -47.018
800 57.4 499999 -46.218
801 51.6 4999 -51.295
802 51.6 9999 -46.413
803 51.6 14999 -50.377
804 51.6 19999 -47.111
805 51.6 24999 -50.395
806 51.6 29999 -48.775
807 51.6 34999 -50.395
808 51.6 39999 -51.295
809 51.6 44999 -51.997
810 51.6 49999 -51.997
811 51.6 54999 -49.775
812 51.6 59999 -49.39
813 51.6 64999 -47.168
814 51.6 69999 -43.761
815 51.6 74999 -48.775
816 51.6 79999 -45.889
817 51.6 84999 -43.674
818 51.6 89999 -45.643
819 51.6 94999 -49.675
820 51.6 99999 -49.675
821 51.6 104999 -52.897
822 51.6 109999 -48.745
823 51.6 114999 -43.998
824 51.6 119999 -45.76
825 51.6 124999 -48.577
826 51.6 129999 -47.796
827 51.6 134999 -47.026
828 51.6 139999 -52.897
829 51.6 144999 -45.855
830 51.6 149999 -49.775
831 51.6 154999 -44.33
832 51.6 159999 -41.079
833 51.6 164999 -47.705
834 51.6 169999 -48.748
835 51.6 174999 -49.351
836 51.6 179999 -41.432
837 51.6 184999 -42.573
838 51.6 189999 -51.997
839 51.6 194999 -50.675
840 51.6 199999 -49.705
841 51.6 204999 -47.068
842 51.6 209999 -43.797
843 51.6 214999 -42.971
844 51.6 219999 -47.788
845 51.6 224999 -48.775
846 51.6 229999 -48.775
847 51.6 234999 -48.775
848 51.6 239999 -49.705
849 51.6 244999 -48.155
850 51.6 249999 -43.691
851 51.6 254999 -48.775
852 51.6 259999 -52.195
853 51.6 264999 -49.618
854 51.6 269999 -49.675
855 51.6 274999 -48.45
856 51.6 279999 -51.295
857 51.6 284999 -48.775
858 51.6 289999 -51.295
859 51.6 294999 -47.198
860 51.6 299999 -48.041
861 51.6 304999 -48.025
862 51.6 309999 -51.295
863 51.6 314999 -49.675
864 51.6 319999 -50.675
865 51.6 324999 -51.295
866 51.6 329999 -44.609
867 51.6 334999 -52.312
868 51.6 339999 -47.421
869 51.6 344999 -48.865
870 51.6 349999 -47.155
871 51.6 354999 -47.588
872 51.6 359999 -49.563
873 51.6 364999 -52.195
874 51.6 369999 -48.775
875 51.6 374999 -51.238
876 51.6 379999 -49.618
877 51.6 384999 -48.163
878 51.6 389999 -52.195
879 51.6 394999 -48.775
880 51.6 399999 -44.368
881 51.6 404999 -45.268
882 51.6 409999 -47.355
883 51.6 414999 -52.897
884 51.6 419999 -50.395
885 51.6 424999 -46.255
886 51.6 429999 -48.198
887 51.6 434999 -45.268
888 51.6 439999 -51.997
889 51.6 444999 -44.761
890 51.6 449999 -47.831
891 51.6 454999 -46.271
892 51.6 459999 -49.718
893 51.6 464999 -51.295
894 51.6 469999 -48.155
895 51.6 474999 -49.18
896 51.6 479999 -50.377
897 51.6 484999 -47.875
898 51.6 489999 -48.067
899 51.6 494999 -44.471
900 51.6 499999 -47.891
901 46.5 4999 -48.25
902 46.5 9999 -48.691
903 46.5 14999 -50.844
904 46.5 19999 -43.195
905 46.5 24999 -41.555
906 46.5 29999 -48.156
907 46.5 34999 -44.613
908 46.5 39999 -47.889
909 46.5 44999 -50.741
910 46.5 49999 -49.414
911 46.5 54999 -51.502
912 46.5 59999 -48.523
913 46.5 64999 -45.159
914 46.5 69999 -51.834
915 46.5 74999 -52.12
916 46.5 79999 -52.941
917 46.5 84999 -52.739
918 46.5 89999 -54.913
919 46.5 94999 -52.493
920 46.5 99999 -53.785
921 46.5 104999 -51.909
922 46.5 109999 -47.035
923 46.5 114999 -52.165
924 46.5 119999 -49.489
925 46.5 124999 -51.266
926 46.5 129999 -49.54
927 46.5 134999 -54.685
928 46.5 139999 -53.786
929 46.5 144999 -54.913
930 46.5 149999 -47.845
931 46.5 154999 -54.685
932 46.5 159999 -51.1
933 46.5 164999 -51.19
934 46.5 169999 -47.683
935 46.5 174999 -52.19
936 46.5 179999 -50.109
937 46.5 184999 -51.454
938 46.5 189999 -52.266
939 46.5 194999 -53.065
940 46.5 199999 -51.19
941 46.5 204999 -47.97
942 46.5 209999 -46.968
943 46.5 214999 -54.013
944 46.5 219999 -53.71
945 46.5 224999 -55.585
946 46.5 229999 -51.19
947 46.5 234999 -52.136
948 46.5 239999 -53.71
949 46.5 244999 -52.09
950 46.5 249999 -48.76
951 46.5 254999 -47.446
952 46.5 259999 -54.013
953 46.5 264999 -52.165
954 46.5 269999 -55.585
955 46.5 274999 -48.716
956 46.5 279999 -51.221
957 46.5 284999 -51.19
958 46.5 289999 -48.414
959 46.5 294999 -53.166
960 46.5 299999 -52.19
961 46.5 304999 -52.266
962 46.5 309999 -49.57
963 46.5 314999 -51.509
964 46.5 319999 -46.856
965 46.5 324999 -55.585
966 46.5 329999 -48.589
967 46.5 334999 -46.945
968 46.5 339999 -50.985
969 46.5 344999 -51.493
970 46.5 349999 -51.369
971 46.5 354999 -52.09
972 46.5 359999 -53.71
973 46.5 364999 -53.71
974 46.5 369999 -44.252
975 46.5 374999 -54.685
976 46.5 379999 -52.266
977 46.5 384999 -52.19
978 46.5 389999 -46.81
979 46.5 394999 -46.32
980 46.5 399999 -49.88
981 46.5 404999 -48.042
982 46.5 409999 -53.786
983 46.5 414999 -50.54
984 46.5 419999 -48.042
985 46.5 424999 -54.685
986 46.5 429999 -52.19
987 46.5 434999 -52.393
988 46.5 439999 -52.166
989 46.5 444999 -41.597
990 46.5 449999 -51.19
991 46.5 454999 -52.266
992 46.5 459999 -52.266
993 46.5 464999 -50.017
994 46.5 469999 -54.61
995 46.5 474999 -49.57
996 46.5 479999 -53.71
997 46.5 484999 -53.71
998 46.5 489999 -47.514
999 46.5 494999 -48.626
1000 46.5 499999 -53.71
1001 41.8 4999 -55.936
1002 41.8 9999 -57.162
1003 41.8 14999 -55.542
1004 41.8 19999 -56.133
1005 41.8 24999 -57.162
1006 41.8 29999 -57.162
1007 41.8 34999 -55.936
1008 41.8 39999 -53.889
1009 41.8 44999 -53.613
1010 41.8 49999 -56.836
1011 41.8 54999 -55.233
1012 41.8 59999 -56.836
1013 41.8 64999 -54.642
1014 41.8 69999 -58.062
1015 41.8 74999 -56.133
1016 41.8 79999 -50.896
1017 41.8 84999 -52.006
1018 41.8 89999 -53.416
1019 41.8 94999 -55.936
1020 41.8 99999 -54.908
1021 41.8 104999 -55.036
1022 41.8 109999 -54.613
1023 41.8 114999 -53.516
1024 41.8 119999 -50.388
1025 41.8 124999 -54.789
1026 41.8 129999 -53.416
1027 41.8 134999 -55.036
1028 41.8 139999 -52.908
1029 41.8 144999 -53.416
1030 41.8 149999 -53.416
1031 41.8 154999 -55.936
1032 41.8 159999 -55.936
1033 41.8 164999 -52.516
1034 41.8 169999 -58.062
1035 41.8 174999 -48.722
1036 41.8 179999 -55.936
1037 41.8 184999 -54.316
1038 41.8 189999 -56.133
1039 41.8 194999 -56.133
1040 41.8 199999 -49.874
1041 41.8 204999 -55.542
1042 41.8 209999 -53.989
1043 41.8 214999 -54.316
1044 41.8 219999 -57.162
1045 41.8 224999 -56.133
1046 41.8 229999 -56.133
1047 41.8 234999 -56.409
1048 41.8 239999 -54.642
1049 41.8 244999 -57.162
1050 41.8 249999 -57.033
1051 41.8 254999 -48.16
1052 41.8 259999 -53.003
1053 41.8 264999 -47.173
1054 41.8 269999 -46.526
1055 41.8 274999 -54.416
1056 41.8 279999 -58.062
1057 41.8 284999 -53.613
1058 41.8 289999 -56.409
1059 41.8 294999 -55.913
1060 41.8 299999 -56.836
1061 41.8 304999 -50.978
1062 41.8 309999 -49.672
1063 41.8 314999 -53.288
1064 41.8 319999 -51.182
1065 41.8 324999 -45.076
1066 41.8 329999 -56.133
1067 41.8 334999 -54.526
1068 41.8 339999 -52.796
1069 41.8 344999 -55.542
1070 41.8 349999 -55.013
1071 41.8 354999 -58.062
1072 41.8 359999 -53.294
1073 41.8 364999 -55.936
1074 41.8 369999 -54.316
1075 41.8 374999 -54.789
1076 41.8 379999 -57.033
1077 41.8 384999 -55.936
1078 41.8 389999 -53.627
1079 41.8 394999 -55.323
1080 41.8 399999 -53.416
1081 41.8 404999 -57.162
1082 41.8 409999 -57.309
1083 41.8 414999 -56.836
1084 41.8 419999 -54.416
1085 41.8 424999 -53.889
1086 41.8 429999 -50.681
1087 41.8 434999 -55.936
1088 41.8 439999 -57.309
1089 41.8 444999 -55.316
1090 41.8 449999 -52.516
1091 41.8 454999 -55.719
1092 41.8 459999 -52.023
1093 41.8 464999 -58.062
1094 41.8 469999 -58.062
1095 41.8 474999 -57.162
1096 41.8 479999 -50.376
1097 41.8 484999 -55.28
1098 41.8 489999 -53.416
1099 41.8 494999 -52.9
1100 41.8 499999 -51.964
1101 37.6 4999 -58.551
1102 37.6 9999 -56.711
1103 37.6 14999 -56.305
1104 37.6 19999 -56.821
1105 37.6 24999 -57.031
1106 37.6 29999 -59.451
1107 37.6 34999 -59.375
1108 37.6 39999 -55.973
1109 37.6 44999 -57.925
1110 37.6 49999 -58.551
1111 37.6 54999 -54.091
1112 37.6 59999 -55.405
1113 37.6 64999 -53.785
1114 37.6 69999 -54.763
1115 37.6 74999 -54.785
1116 37.6 79999 -55.615
1117 37.6 84999 -53.695
1118 37.6 89999 -56.931
1119 37.6 94999 -56.873
1120 37.6 99999 -56.611
1121 37.6 104999 -59.131
1122 37.6 109999 -57.925
1123 37.6 114999 -51.679
1124 37.6 119999 -55.159
1125 37.6 124999 -53.783
1126 37.6 129999 -59.451
1127 37.6 134999 -55.615
1128 37.6 139999 -59.375
1129 37.6 144999 -57.305
1130 37.6 149999 -55.955
1131 37.6 154999 -55.57
1132 37.6 159999 -57.755
1133 37.6 164999 -55.955
1134 37.6 169999 -52.744
1135 37.6 174999 -59.375
1136 37.6 179999 -56.031
1137 37.6 184999 -57.295
1138 37.6 189999 -57.031
1139 37.6 194999 -56.235
1140 37.6 199999 -56.35
1141 37.6 204999 -59.131
1142 37.6 209999 -53.755
1143 37.6 214999 -52.885
1144 37.6 219999 -59.131
1145 37.6 224999 -57.305
1146 37.6 229999 -56.305
1147 37.6 234999 -54.449
1148 37.6 239999 -57.025
1149 37.6 244999 -56.711
1150 37.6 249999 -55.405
1151 37.6 254999 -50.713
1152 37.6 259999 -58.475
1153 37.6 264999 -50.224
1154 37.6 269999 -55.741
1155 37.6 274999 -56.305
1156 37.6 279999 -52.885
1157 37.6 284999 -59.131
1158 37.6 289999 -58.825
1159 37.6 294999 -55.89
1160 37.6 299999 -59.375
1161 37.6 304999 -56.711
1162 37.6 309999 -57.598
1163 37.6 314999 -55.869
1164 37.6 319999 -50.439
1165 37.6 324999 -57.331
1166 37.6 329999 -58.176
1167 37.6 334999 -51.662
1168 37.6 339999 -59.375
1169 37.6 344999 -58.231
1170 37.6 349999 -54.091
1171 37.6 354999 -54.505
1172 37.6 359999 -56.275
1173 37.6 364999 -56.611
1174 37.6 369999 -53.739
1175 37.6 374999 -56.305
1176 37.6 379999 -57.925
1177 37.6 384999 -55.405
1178 37.6 389999 -56.341
1179 37.6 394999 -54.885
1180 37.6 399999 -57.855
1181 37.6 404999 -53.349
1182 37.6 409999 -59.451
1183 37.6 414999 -59.375
1184 37.6 419999 -59.375
1185 37.6 424999 -53.885
1186 37.6 429999 -57.031
1187 37.6 434999 -47.964
1188 37.6 439999 -57.331
1189 37.6 444999 -56.405
1190 37.6 449999 -56.261
1191 37.6 454999 -57.925
1192 37.6 459999 -57.785
1193 37.6 464999 -59.451
1194 37.6 469999 -60.275
1195 37.6 474999 -54.746
1196 37.6 479999 -51.679
1197 37.6 484999 -59.375
1198 37.6 489999 -59.375
1199 37.6 494999 -53.972
1200 37.6 499999 -53.785
1201 33.9 4999 -62.225
1202 33.9 9999 -62.225
1203 33.9 14999 -60.98
1204 33.9 19999 -60.438
1205 33.9 24999 -61.325
1206 33.9 29999 -56.323
1207 33.9 34999 -53.524
1208 33.9 39999 -60.577
1209 33.9 44999 -61.325
1210 33.9 49999 -54.5
1211 33.9 54999 -58.018
1212 33.9 59999 -58.157
1213 33.9 64999 -59.818
1214 33.9 69999 -61.325
1215 33.9 74999 -58.057
1216 33.9 79999 -60.705
1217 33.9 84999 -61.338
1218 33.9 89999 -62.225
1219 33.9 94999 -61.325
1220 33.9 99999 -59.705
1221 33.9 104999 -60.98
1222 33.9 109999 -60.425
1223 33.9 114999 -58.057
1224 33.9 119999 -61.325
1225 33.9 124999 -62.225
1226 33.9 129999 -61.325
1227 33.9 134999 -55.671
1228 33.9 139999 -60.08
1229 33.9 144999 -58.157
1230 33.9 149999 -60.08
1231 33.9 154999 -58.267
1232 33.9 159999 -61.325
1233 33.9 164999 -57.56
1234 33.9 169999 -62.225
1235 33.9 174999 -57.567
1236 33.9 179999 -60.08
1237 33.9 184999 -58.057
1238 33.9 189999 -60.425
1239 33.9 194999 -57.852
1240 33.9 199999 -61.325
1241 33.9 204999 -61.325
1242 33.9 209999 -59.705
1243 33.9 214999 -59.705
1244 33.9 219999 -56.257
1245 33.9 224999 -59.218
1246 33.9 229999 -61.325
1247 33.9 234999 -59.677
1248 33.9 239999 -55.106
1249 33.9 244999 -56.785
1250 33.9 249999 -55.637
1251 33.9 254999 -61.325
1252 33.9 259999 -51.011
1253 33.9 264999 -57.382
1254 33.9 269999 -56.899
1255 33.9 274999 -59.677
1256 33.9 279999 -53.81
1257 33.9 284999 -52.201
1258 33.9 289999 -53.413
1259 33.9 294999 -55.981
1260 33.9 299999 -57.681
1261 33.9 304999 -52.766
1262 33.9 309999 -53.063
1263 33.9 314999 -49.086
1264 33.9 319999 -56.501
1265 33.9 324999 -56.501
1266 33.9 329999 -51.433
1267 33.9 334999 -52.735
1268 33.9 339999 -54.321
1269 33.9 344999 -58.579
1270 33.9 349999 -56.021
1271 33.9 354999 -54.414
1272 33.9 359999 -53.693
1273 33.9 364999 -52.735
1274 33.9 369999 -54.701
1275 33.9 374999 -56.515
1276 33.9 379999 -55.613
1277 33.9 384999 -51.8
1278 33.9 389999 -57.449
1279 33.9 394999 -55.889
1280 33.9 399999 -57.681
1281 33.9 404999 -47.187
1282 33.9 409999 -55.54
1283 33.9 414999 -54.245
1284 33.9 419999 -58.46
1285 33.9 424999 -58.46
1286 33.9 429999 -60.438
1287 33.9 434999 -62.225
1288 33.9 439999 -59.187
1289 33.9 444999 -60.087
1290 33.9 449999 -61.325
1291 33.9 454999 -59.805
1292 33.9 459999 -60.438
1293 33.9 464999 -60.577
1294 33.9 469999 -56.265
1295 33.9 474999 -55.985
1296 33.9 479999 -61.325
1297 33.9 484999 -56.245
1298 33.9 489999 -62.225
1299 33.9 494999 -60.425
1300 33.9 499999 -55.04
1301 30.5 4999 -59.667
1302 30.5 9999 -63.117
1303 30.5 14999 -63.117
1304 30.5 19999 -64.017
1305 30.5 24999 -63.117
1306 30.5 29999 -60.667
1307 30.5 34999 -61.287
1308 30.5 39999 -61.287
1309 30.5 44999 -62.497
1310 30.5 49999 -61.778
1311 30.5 54999 -62.678
1312 30.5 59999 -59.757
1313 30.5 64999 -62.187
1314 30.5 69999 -59.258
1315 30.5 74999 -62.172
1316 30.5 79999 -61.497
1317 30.5 84999 -62.172
1318 30.5 89999 -63.117
1319 30.5 94999 -63.117
1320 30.5 99999 -63.117
1321 30.5 104999 -61.497
1322 30.5 109999 -62.678
1323 30.5 114999 -61.778
1324 30.5 119999 -62.172
1325 30.5 124999 -64.017
1326 30.5 129999 -62.187
1327 30.5 134999 -63.117
1328 30.5 139999 -63.117
1329 30.5 144999 -63.117
1330 30.5 149999 -59.229
1331 30.5 154999 -63.117
1332 30.5 159999 -58.358
1333 30.5 164999 -61.272
1334 30.5 169999 -62.217
1335 30.5 174999 -63.117
1336 30.5 179999 -58.47
1337 30.5 184999 -63.117
1338 30.5 189999 -61.287
1339 30.5 194999 -60.943
1340 30.5 199999 -58.767
1341 30.5 204999 -58.767
1342 30.5 209999 -63.117
1343 30.5 214999 -63.117
1344 30.5 219999 -56.731
1345 30.5 224999 -55.221
1346 30.5 229999 -63.117
1347 30.5 234999 -59.667
1348 30.5 239999 -63.117
1349 30.5 244999 -59.652
1350 30.5 249999 -59.423
1351 30.5 254999 -60.387
1352 30.5 259999 -57.797
1353 30.5 264999 -63.117
1354 30.5 269999 -60.158
1355 30.5 274999 -62.217
1356 30.5 279999 -61.158
1357 30.5 284999 -63.117
1358 30.5 289999 -64.017
1359 30.5 294999 -60.258
1360 30.5 299999 -62.187
1361 30.5 304999 -58.453
1362 30.5 309999 -61.497
1363 30.5 314999 -60.597
1364 30.5 319999 -58.767
1365 30.5 324999 -59.697
1366 30.5 329999 -63.117
1367 30.5 334999 -61.552
1368 30.5 339999 -56.247
1369 30.5 344999 -60.597
1370 30.5 349999 -64.017
1371 30.5 354999 -61.497
1372 30.5 359999 -63.072
1373 30.5 364999 -63.117
1374 30.5 369999 -61.778
1375 30.5 374999 -59.258
1376 30.5 379999 -62.172
1377 30.5 384999 -63.117
1378 30.5 389999 -61.272
1379 30.5 394999 -62.172
1380 30.5 399999 -63.117
1381 30.5 404999 -61.285
1382 30.5 409999 -62.185
1383 30.5 414999 -63.072
1384 30.5 419999 -64.017
1385 30.5 424999 -63.117
1386 30.5 429999 -60.665
1387 30.5 434999 -56.797
1388 30.5 439999 -60.387
1389 30.5 444999 -58.767
1390 30.5 449999 -54.627
1391 30.5 454999 -63.117
1392 30.5 459999 -63.117
1393 30.5 464999 -54.392
1394 30.5 469999 -59.667
1395 30.5 474999 -59.757
1396 30.5 479999 -60.082
1397 30.5 484999 -63.117
1398 30.5 489999 -61.597
1399 30.5 494999 -61.927
1400 30.5 499999 -59.01
1401 27.5 4999 -62.708
1402 27.5 9999 -55.881
1403 27.5 14999 -63.178
1404 27.5 19999 -60.282
1405 27.5 24999 -63.798
1406 27.5 29999 -63.078
1407 27.5 34999 -64.698
1408 27.5 39999 -61.188
1409 27.5 44999 -65.598
1410 27.5 49999 -64.698
1411 27.5 54999 -61.088
1412 27.5 59999 -62.182
1413 27.5 64999 -65.598
1414 27.5 69999 -65.598
1415 27.5 74999 -64.698
1416 27.5 79999 -63.702
1417 27.5 84999 -57.349
1418 27.5 89999 -61.656
1419 27.5 94999 -64.698
1420 27.5 99999 -63.702
1421 27.5 104999 -61.808
1422 27.5 109999 -64.698
1423 27.5 114999 -63.078
1424 27.5 119999 -64.698
1425 27.5 124999 -64.698
1426 27.5 129999 -63.798
1427 27.5 134999 -65.598
1428 27.5 139999 -61.088
1429 27.5 144999 -60.756
1430 27.5 149999 -63.276
1431 27.5 154999 -60.218
1432 27.5 159999 -59.394
1433 27.5 164999 -61.182
1434 27.5 169999 -64.698
1435 27.5 174999 -64.698
1436 27.5 179999 -64.602
1437 27.5 184999 -60.188
1438 27.5 189999 -63.702
1439 27.5 194999 -60.188
1440 27.5 199999 -64.698
1441 27.5 204999 -65.598
1442 27.5 209999 -58.668
1443 27.5 214999 -64.698
1444 27.5 219999 -63.608
1445 27.5 224999 -62.082
1446 27.5 229999 -63.702
1447 27.5 234999 -62.646
1448 27.5 239999 -60.288
1449 27.5 244999 -59.734
1450 27.5 249999 -65.598
1451 27.5 254999 -57.668
1452 27.5 259999 -63.742
1453 27.5 264999 -64.698
1454 27.5 269999 -58.605
1455 27.5 274999 -61.182
1456 27.5 279999 -61.656
1457 27.5 284999 -61.756
1458 27.5 289999 -62.002
1459 27.5 294999 -60.444
1460 27.5 299999 -53.4
1461 27.5 304999 -57.705
1462 27.5 309999 -62.708
1463 27.5 314999 -61.058
1464 27.5 319999 -63.798
1465 27.5 324999 -61.118
1466 27.5 329999 -63.702
1467 27.5 334999 -62.708
1468 27.5 339999 -56.781
1469 27.5 344999 -64.602
1470 27.5 349999 -63.393
1471 27.5 354999 -64.698
1472 27.5 359999 -64.698
1473 27.5 364999 -64.698
1474 27.5 369999 -64.698
1475 27.5 374999 -61.666
1476 27.5 379999 -64.176
1477 27.5 384999 -63.276
1478 27.5 389999 -62.21
1479 27.5 394999 -65.598
1480 27.5 399999 -60.393
1481 27.5 404999 -61.004
1482 27.5 409999 -63.082
1483 27.5 414999 -64.602
1484 27.5 419999 -59.588
1485 27.5 424999 -61.925
1486 27.5 429999 -62.656
1487 27.5 434999 -62.178
1488 27.5 439999 -65.598
1489 27.5 444999 -64.698
1490 27.5 449999 -64.698
1491 27.5 454999 -59.046
1492 27.5 459999 -64.698
1493 27.5 464999 -60.188
1494 27.5 469999 -63.702
1495 27.5 474999 -64.698
1496 27.5 479999 -64.698
1497 27.5 484999 -65.598
1498 27.5 489999 -60.756
1499 27.5 494999 -57.185
1500 27.5 499999 -62.708
1501 25.0 4999 -61.475
1502 25.0 9999 -61.298
1503 25.0 14999 -63.892
1504 25.0 19999 -64.792
1505 25.0 24999 -63.456
1506 25.0 29999 -61.372
1507 25.0 34999 -66.016
1508 25.0 39999 -64.396
1509 25.0 44999 -58.286
1510 25.0 49999 -63.272
1511 25.0 54999 -66.016
1512 25.0 59999 -60.976
1513 25.0 64999 -56.838
1514 25.0 69999 -66.016
1515 25.0 74999 -66.916
1516 25.0 79999 -62.272
1517 25.0 84999 -63.496
1518 25.0 89999 -65.326
1519 25.0 94999 -65.116
1520 25.0 99999 -66.016
1521 25.0 104999 -64.356
1522 25.0 109999 -62.372
1523 25.0 114999 -64.525
1524 25.0 119999 -64.496
1525 25.0 124999 -66.916
1526 25.0 129999 -64.525
1527 25.0 134999 -65.425
1528 25.0 139999 -64.976
1529 25.0 144999 -65.116
1530 25.0 149999 -65.116
1531 25.0 154999 -63.496
1532 25.0 159999 -65.326
1533 25.0 164999 -64.525
1534 25.0 169999 -61.372
1535 25.0 174999 -64.525
1536 25.0 179999 -66.016
1537 25.0 184999 -66.016
1538 25.0 189999 -66.016
1539 25.0 194999 -66.016
1540 25.0 199999 -63.496
1541 25.0 204999 -64.396
1542 25.0 209999 -65.425
1543 25.0 214999 -61.385
1544 25.0 219999 -60.415
1545 25.0 224999 -63.625
1546 25.0 229999 -60.8
1547 25.0 234999 -66.916
1548 25.0 239999 -63.496
1549 25.0 244999 -62.596
1550 25.0 249999 -66.016
1551 25.0 254999 -66.916
1552 25.0 259999 -64.792
1553 25.0 264999 -63.115
1554 25.0 269999 -66.016
1555 25.0 274999 -54.462
1556 25.0 279999 -64.076
1557 25.0 284999 -65.116
1558 25.0 289999 -66.916
1559 25.0 294999 -66.016
1560 25.0 299999 -63.785
1561 25.0 304999 -66.916
1562 25.0 309999 -66.916
1563 25.0 314999 -66.916
1564 25.0 319999 -65.116
1565 25.0 324999 -66.016
1566 25.0 329999 -64.976
1567 25.0 334999 -65.425
1568 25.0 339999 -66.016
1569 25.0 344999 -63.356
1570 25.0 349999 -64.141
1571 25.0 354999 -61.195
1572 25.0 359999 -63.426
1573 25.0 364999 -66.016
1574 25.0 369999 -66.016
1575 25.0 374999 -64.976
1576 25.0 379999 -66.916
1577 25.0 384999 -62.005
1578 25.0 389999 -57.684
1579 25.0 394999 -64.525
1580 25.0 399999 -66.016
1581 25.0 404999 -62.372
1582 25.0 409999 -62.992
1583 25.0 414999 -62.272
1584 25.0 419999 -58.268
1585 25.0 424999 -62.731
1586 25.0 429999 -65.116
1587 25.0 434999 -64.396
1588 25.0 439999 -52.079
1589 25.0 444999 -66.016
1590 25.0 449999 -66.016
1591 25.0 454999 -66.016
1592 25.0 459999 -66.016
1593 25.0 464999 -64.976
1594 25.0 469999 -62.456
1595 25.0 474999 -66.916
1596 25.0 479999 -62.272
1597 25.0 484999 -66.016
1598 25.0 489999 -66.016
1599 25.0 494999 -63.496
1600 25.0 499999 -60.595
