0	A	94679.0	125316.0	0.71
0	T	26753.0	29915.0	0.6
0	C	10746.0	11117.0	0.55
1	A	91142.0	141191.0	0.83
1	T	47696.0	68753.0	0.77
1	C	26636.0	40033.0	0.81
2	A	96742.0	79761.0	0.44
2	C	59054.0	59326.0	0.54
2	T	39710.0	35432.0	0.48
3	A	38632.0	39436.0	0.55
3	C	20825.0	6273.0	0.16
3	G	7906.0	11121.0	0.75
4	T	60713.0	26575.0	0.23
4	A	19364.0	14385.0	0.4
4	G	12867.0	9610.0	0.4
5	G	116304.0	55289.0	0.26
5	T	36073.0	12112.0	0.18
5	C	9322.0	3647.0	0.21
6	T	37699.0	48564.0	0.69
6	A	31472.0	27447.0	0.47
6	C	12999.0	10847.0	0.45
7	A	41906.0	15774.0	0.2
7	T	26096.0	11580.0	0.24
7	C	20330.0	8010.0	0.21
8	T	96194.0	113232.0	0.63
8	G	31926.0	20467.0	0.34
8	A	25039.0	13363.0	0.29
9	T	62767.0	24413.0	0.21
9	A	60123.0	45609.0	0.41
9	G	18446.0	1359.0	0.04
10	A	28738.0	13473.0	0.25
10	T	28724.0	7439.0	0.14
10	C	7849.0	4854.0	0.33
11	A	37714.0	83902.0	1.19
11	T	9609.0	17940.0	1.0
11	C	6223.0	8127.0	0.7
12	T	37470.0	40916.0	0.59
12	A	14483.0	8767.0	0.32
12	G	8328.0	5671.0	0.37
13	T	14031.0	18529.0	0.71
13	A	12750.0	16741.0	0.7
13	C	5695.0	7598.0	0.72
14	T	31064.0	56431.0	0.97
14	G	29503.0	52689.0	0.96
14	C	3054.0	5150.0	0.9
15	G	61665.0	91984.0	0.8
15	T	30544.0	44679.0	0.78
15	C	8268.0	10539.0	0.68
16	G	40236.0	58220.0	0.78
16	T	28680.0	45266.0	0.85
16	C	10015.0	15831.0	0.85
17	A	39266.0	32629.0	0.45
17	C	34054.0	22919.0	0.36
17	T	20929.0	14397.0	0.37
18	A	24476.0	23924.0	0.52
18	C	17412.0	33409.0	1.03
18	G	2144.0	286.0	0.07
19	T	32690.0	23750.0	0.39
19	A	19882.0	7939.0	0.21
19	G	10213.0	6280.0	0.33
20	A	44924.0	18056.0	0.22
20	C	16854.0	1219.0	0.04
20	T	13505.0	1644.0	0.07
21	T	27644.0	29240.0	0.57
21	A	15169.0	13702.0	0.48
21	G	7153.0	4193.0	0.31
22	A	29108.0	33248.0	0.61
22	T	22650.0	29226.0	0.69
22	G	16914.0	9507.0	0.3
23	G	46745.0	51809.0	0.59
23	T	32077.0	9855.0	0.16
23	C	4384.0	541.0	0.07
24	T	53146.0	47491.0	0.48
24	G	30369.0	17574.0	0.31
24	A	9789.0	3790.0	0.21
25	G	39224.0	56821.0	0.78
25	T	30635.0	25997.0	0.46
25	C	8615.0	1030.0	0.06
26	A	43652.0	19549.0	0.24
26	C	33237.0	26493.0	0.43
26	T	25374.0	11850.0	0.25
27	A	24404.0	33123.0	0.73
27	C	15563.0	22928.0	0.79
27	G	3198.0	2636.0	0.44
28	A	30667.0	59006.0	1.03
28	C	23360.0	46402.0	1.07
28	G	9413.0	14761.0	0.84
29	A	25958.0	48857.0	1.01
29	C	22511.0	40056.0	0.95
29	G	6450.0	11009.0	0.92
30	T	45068.0	69032.0	0.82
30	A	29202.0	37096.0	0.68
30	C	9429.0	17107.0	0.97
31	A	24826.0	14664.0	0.32
31	T	12009.0	4556.0	0.2
31	C	3606.0	2723.0	0.41
32	T	15913.0	12675.0	0.43
32	A	15514.0	12134.0	0.42
32	C	2649.0	668.0	0.14
33	A	33506.0	60217.0	0.96
33	T	14849.0	28937.0	1.05
33	C	6205.0	11966.0	1.03
34	G	30502.0	52849.0	0.93
34	T	18572.0	34958.0	1.01
34	C	2547.0	3596.0	0.76
35	G	47305.0	85089.0	0.96
35	T	30951.0	40271.0	0.7
35	C	8781.0	9331.0	0.57
36	G	48338.0	43965.0	0.49
36	T	33047.0	36711.0	0.6
36	C	12875.0	7228.0	0.3
37	A	46601.0	67610.0	0.78
37	T	25437.0	42300.0	0.89
37	C	15674.0	27066.0	0.93
38	T	48567.0	62865.0	0.69
38	A	36223.0	16313.0	0.24
38	G	12025.0	3373.0	0.15
39	A	27457.0	8692.0	0.17
39	C	22291.0	15495.0	0.37
39	G	9712.0	10834.0	0.6
40	A	85039.0	96223.0	0.61
40	C	33241.0	46390.0	0.75
40	T	9035.0	4155.0	0.25
41	A	42798.0	38400.0	0.48
41	C	29173.0	14526.0	0.27
41	G	7276.0	4628.0	0.34
42	A	88976.0	49931.0	0.3
42	C	23355.0	8490.0	0.2
42	T	19644.0	10786.0	0.29
43	T	126464.0	107075.0	0.45
43	G	23225.0	1932.0	0.04
43	A	22870.0	12813.0	0.3
44	G	48394.0	70090.0	0.78
44	T	39488.0	52904.0	0.72
44	C	9031.0	5195.0	0.31
45	A	68688.0	54461.0	0.43
45	T	46156.0	49001.0	0.57
45	C	24910.0	28665.0	0.62
46	T	77523.0	76472.0	0.53
46	A	22148.0	3976.0	0.1
46	G	20695.0	6654.0	0.17
47	A	67768.0	36895.0	0.29
47	T	39150.0	14960.0	0.2
47	G	13206.0	7489.0	0.3
48	C	70471.0	34468.0	0.26
48	A	26905.0	2378.0	0.05
48	G	9132.0	7273.0	0.43
49	A	78393.0	51533.0	0.35
49	C	46627.0	8548.0	0.1
49	T	10518.0	4291.0	0.22
50	A	52424.0	83163.0	0.85
50	C	35338.0	40702.0	0.62
50	G	7271.0	9309.0	0.69
51	G	43628.0	81457.0	1.0
51	T	20630.0	32380.0	0.84
51	C	3326.0	4376.0	0.71
52	G	61233.0	17076.0	0.15
52	T	38992.0	77704.0	1.07
52	C	7456.0	14216.0	1.02
53	T	91327.0	171268.0	1.01
53	G	48979.0	12476.0	0.14
53	A	27939.0	35533.0	0.68
54	T	74645.0	137050.0	0.98
54	A	48354.0	70417.0	0.78
54	G	21090.0	20982.0	0.53
55	T	94654.0	150090.0	0.85
55	A	37160.0	16716.0	0.24
55	G	12579.0	3805.0	0.16
56	T	66376.0	103260.0	0.83
56	A	26303.0	33931.0	0.69
56	G	3743.0	6263.0	0.9
57	T	46463.0	91876.0	1.06
57	A	28085.0	57766.0	1.1
57	G	10299.0	17574.0	0.92
58	T	49201.0	73609.0	0.8
58	A	27619.0	46667.0	0.91
58	G	8635.0	12721.0	0.79
59	T	30789.0	57259.0	1.0
59	A	8252.0	13679.0	0.89
59	G	3984.0	2401.0	0.32
60	G	21976.0	38934.0	0.95
60	T	15055.0	26787.0	0.95
60	C	2770.0	4002.0	0.78
61	T	53944.0	105588.0	1.05
61	G	18743.0	25657.0	0.73
61	A	8505.0	11966.0	0.75
62	T	23839.0	42140.0	0.95
62	A	21880.0	41823.0	1.03
62	C	5838.0	10774.0	0.99
63	T	34365.0	62343.0	0.97
63	G	27978.0	46952.0	0.9
63	C	3284.0	6074.0	0.99
64	G	61894.0	78034.0	0.68
64	T	43077.0	75240.0	0.94
64	C	14553.0	24824.0	0.92
65	G	51564.0	92617.0	0.96
65	T	37497.0	68079.0	0.97
65	C	12603.0	21225.0	0.9
66	A	39106.0	61407.0	0.84
66	T	14949.0	16189.0	0.58
66	C	14231.0	20465.0	0.77
67	A	11956.0	20861.0	0.94
67	C	8435.0	11430.0	0.73
67	G	5187.0	5385.0	0.56
68	A	14592.0	13719.0	0.5
68	T	8402.0	3230.0	0.21
68	C	906.0	321.0	0.19
69	A	27990.0	49161.0	0.94
69	T	17037.0	22302.0	0.7
69	C	3303.0	5180.0	0.84
70	A	71039.0	130091.0	0.98
70	T	13115.0	26263.0	1.07
70	C	1973.0	5106.0	1.39
